---
title: "Simulating grundy2007"
author: "Ivan Jacob Agaloos Pesigan"
output: rmarkdown::html_vignette
vignette: >
  %\VignetteIndexEntry{Simulating grundy2007}
  %\VignetteEngine{quarto::quarto}
  %\VignetteEncoding{UTF-8}
---

This vignette demonstrates how the data set `grundy2007` was generated.

```{r}
#| include = FALSE
knitr::opts_chunk$set(
  collapse = TRUE,
  fig.path = "fig-vignettes-example-data-gen-",
  fig.cap = "",
  fig.width = 8.5 / 1.5,
  fig.height = 11 / 2.5,
  fig.retina = 2,
  dpi = 300,
  comment = "#>",
  dev = "ragg_png"
)
```

```{r}
set.seed(42)
n <- 133
correlations <- matrix(
  data = c(
    1, 0.88, 0.84, 0.82, -0.23, -0.12, -0.18, -0.24, -0.38, -0.4, -0.3, -0.37, -0.06, -0.2, -0.22, -0.21, 0.03, -0.04, -0.15, -0.13,
    0.88, 1, 0.87, 0.82, -0.19, -0.06, -0.1, -0.23, -0.46, -0.47, -0.34, -0.38, -0.07, -0.23, -0.2, -0.23, -0.01, -0.13, -0.19, -0.18,
    0.84, 0.87, 1, 0.85, -0.17, -0.07, -0.1, -0.23, -0.31, -0.33, -0.29, -0.27, -0.17, -0.17, -0.2, -0.22, -0.07, -0.11, -0.17, -0.17,
    0.82, 0.82, 0.85, 1, -0.17, -0.04, -0.12, -0.24, -0.34, -0.34, -0.32, -0.27, 0.03, -0.08, -0.15, -0.17, 0.06, -0.04, -0.1, -0.08,
    -0.23, -0.19, -0.17, -0.17, 1, 0.6, 0.59, 0.56, 0.01, 0.09, 0.14, 0.15, 0.09, 0.06, 0.03, 0.1, -0.05, -0.06, -0.12, 0.02,
    -0.12, -0.06, -0.07, -0.04, 0.6, 1, 0.62, 0.53, 0.1, 0.15, 0.31, 0.18, 0, 0.09, 0.04, 0.13, -0.04, -0.05, -0.12, 0.03,
    -0.18, -0.1, -0.1, -0.12, 0.59, 0.62, 1, 0.66, 0.01, 0.11, 0.14, 0.08, 0.02, 0.11, 0.05, 0.13, -0.09, -0.12, -0.08, -0.03,
    -0.24, -0.23, -0.23, -0.24, 0.56, 0.53, 0.66, 1, 0.03, 0.13, 0.21, 0.08, -0.03, 0.18, 0.13, 0.35, -0.05, -0.07, 0.05, 0.02,
    -0.38, -0.46, -0.31, -0.34, 0.01, 0.1, 0.01, 0.03, 1, 0.72, 0.55, 0.59, 0.11, 0.32, 0.25, 0.19, 0.26, 0.31, 0.28, 0.29,
    -0.4, -0.47, -0.33, -0.34, 0.09, 0.15, 0.11, 0.13, 0.72, 1, 0.58, 0.61, 0.12, 0.32, 0.26, 0.21, 0.23, 0.37, 0.33, 0.3,
    -0.3, -0.34, -0.29, -0.32, 0.14, 0.31, 0.14, 0.21, 0.55, 0.58, 1, 0.68, 0.12, 0.17, 0.22, 0.18, 0.15, 0.25, 0.23, 0.27,
    -0.37, -0.38, -0.27, -0.27, 0.15, 0.18, 0.08, 0.08, 0.59, 0.61, 0.68, 1, 0.05, 0.18, 0.17, 0.15, 0.21, 0.29, 0.27, 0.38,
    -0.06, -0.07, -0.17, 0.03, 0.09, 0, 0.02, -0.03, 0.11, 0.12, 0.12, 0.05, 1, 0.44, 0.32, 0.2, 0.32, 0.1, 0.2, 0.15,
    -0.2, -0.23, -0.17, -0.08, 0.06, 0.09, 0.11, 0.18, 0.32, 0.32, 0.17, 0.18, 0.44, 1, 0.58, 0.54, 0.3, 0.33, 0.35, 0.21,
    -0.22, -0.2, -0.2, -0.15, 0.03, 0.04, 0.05, 0.13, 0.25, 0.26, 0.22, 0.17, 0.32, 0.58, 1, 0.54, 0.24, 0.37, 0.46, 0.41,
    -0.21, -0.23, -0.22, -0.17, 0.1, 0.13, 0.13, 0.35, 0.19, 0.21, 0.18, 0.15, 0.2, 0.54, 0.54, 1, 0.15, 0.18, 0.36, 0.34,
    0.03, -0.01, -0.07, 0.06, -0.05, -0.04, -0.09, -0.05, 0.26, 0.23, 0.15, 0.21, 0.32, 0.3, 0.24, 0.15, 1, 0.56, 0.4, 0.25,
    -0.04, -0.13, -0.11, -0.04, -0.06, -0.05, -0.12, -0.07, 0.31, 0.37, 0.25, 0.29, 0.1, 0.33, 0.37, 0.18, 0.56, 1, 0.56, 0.38,
    -0.15, -0.19, -0.17, -0.1, -0.12, -0.12, -0.08, 0.05, 0.28, 0.33, 0.23, 0.27, 0.2, 0.35, 0.46, 0.36, 0.4, 0.56, 1, 0.63,
    -0.13, -0.18, -0.17, -0.08, 0.02, 0.03, -0.03, 0.02, 0.29, 0.3, 0.27, 0.38, 0.15, 0.21, 0.41, 0.34, 0.25, 0.38, 0.63, 1
  ),
  nrow = 20
)
data <- MASS::mvrnorm(
  n = n,
  mu = rep(
    x = 0,
    times = dim(correlations)[1]
  ),
  Sigma = correlations,
  empirical = TRUE
)
conflict <- t(
  data[, 1:4]
)
dim(conflict) <- NULL
knowledge <- t(
  data[, 13:16]
)
dim(knowledge) <- NULL
competence <- t(
  data[, 17:20]
)
dim(competence) <- NULL
id <- sapply(
  X = 1:n,
  FUN = function(i) {
    rep(x = i, times = 4)
  }
)
dim(id) <- NULL
data <- as.data.frame(
  cbind(
    id = id,
    time = 0:3,
    conflict = conflict,
    knowledge = knowledge,
    competence = competence
  )
)
varnames <- c(
  "conflict",
  "knowledge",
  "competence"
)
data <- dynUtils::InsertNA(
  data = data,
  id = "id",
  time = "time",
  observed = varnames,
  delta_t = 0.10,
  ncores = parallel::detectCores()
)
summary(data)
head(data)
```
